standard error

tmvar exact
0.0010978227907 0.00164913716148 0.00127135722051

tmVar overlapping
0.000507593284887 0.00122671912728 0.000694896039964

idp4+ exact
0.00273609714511 0.00253003938991 0.00245930243246
0.00778082996391 0.00394626485034 0.00469155701381
0.00888348177671 0.0086284773605 0.011201745694
0.00269979009861 0.00263109273272 0.00249952244678


idp4+ overlapping
0.000845225137234 0.00180799891093 0.00113091596861
0.00606731628319 0.00587508622825 0.00527242332951
0.0107551725372 0.00924495933698 0.00837489380796
0.000708623859097 0.0017918233783 0.00110136646297